id=vuoto_3_peaks_80
time.start=2024/05/03 17:32:30.052+0200
time.stop=2024/05/03 17:55:53.037+0200
time.real=00:23:22
board.2-14-1701.readout.rate=274.081 b/s
board.2-14-1701.0.rejections.singles=0.884543
board.2-14-1701.0.rejections.pileup=0.0
board.2-14-1701.0.rejections.saturation=0.0
board.2-14-1701.0.rejections.energy=0.0
board.2-14-1701.0.rejections.psd=0.0
board.2-14-1701.0.rejections.timedistribution=0.0
board.2-14-1701.0.throughput=6.35903
board.2-14-1701.0.icr=4.42271
board.2-14-1701.0.ocr=3.53817
board.2-14-1701.0.calibration.energy.c0=0.0
board.2-14-1701.0.calibration.energy.c1=1.0
board.2-14-1701.0.calibration.energy.c2=0.0
board.2-14-1701.0.calibration.energy.uom=keV
board.2-14-1701.1.rejections.singles=2.54032
board.2-14-1701.1.rejections.pileup=0.0
board.2-14-1701.1.rejections.saturation=0.0
board.2-14-1701.1.rejections.energy=0.0
board.2-14-1701.1.rejections.psd=0.0
board.2-14-1701.1.rejections.timedistribution=0.0
board.2-14-1701.1.throughput=5.29919
board.2-14-1701.1.icr=5.9274
board.2-14-1701.1.ocr=3.38709
board.2-14-1701.1.calibration.energy.c0=0.0
board.2-14-1701.1.calibration.energy.c1=1.0
board.2-14-1701.1.calibration.energy.c2=0.0
board.2-14-1701.1.calibration.energy.uom=keV
