id=vuoto_3_peaks_81
time.start=2024/05/03 18:02:57.005+0200
time.stop=2024/05/03 18:11:36.134+0200
time.real=00:08:39
board.2-14-1701.readout.rate=382.090 b/s
board.2-14-1701.0.rejections.singles=3.40566
board.2-14-1701.0.rejections.pileup=0.0
board.2-14-1701.0.rejections.saturation=0.0
board.2-14-1701.0.rejections.energy=0.0
board.2-14-1701.0.rejections.psd=0.0
board.2-14-1701.0.rejections.timedistribution=0.0
board.2-14-1701.0.throughput=9.41129
board.2-14-1701.0.icr=7.66273
board.2-14-1701.0.ocr=4.25707
board.2-14-1701.0.calibration.energy.c0=0.0
board.2-14-1701.0.calibration.energy.c1=1.0
board.2-14-1701.0.calibration.energy.c2=0.0
board.2-14-1701.0.calibration.energy.uom=keV
board.2-14-1701.1.rejections.singles=1.7424
board.2-14-1701.1.rejections.pileup=0.0
board.2-14-1701.1.rejections.saturation=0.0
board.2-14-1701.1.rejections.energy=0.0
board.2-14-1701.1.rejections.psd=0.0
board.2-14-1701.1.rejections.timedistribution=0.0
board.2-14-1701.1.throughput=8.70396
board.2-14-1701.1.icr=6.09838
board.2-14-1701.1.ocr=4.35599
board.2-14-1701.1.calibration.energy.c0=0.0
board.2-14-1701.1.calibration.energy.c1=1.0
board.2-14-1701.1.calibration.energy.c2=0.0
board.2-14-1701.1.calibration.energy.uom=keV
