id=vuoto_3_peaks_72
time.start=2024/05/03 15:41:43.480+0200
time.stop=2024/05/03 15:58:08.969+0200
time.real=00:16:25
board.2-14-1701.readout.rate=716.418 b/s
board.2-14-1701.0.rejections.singles=17.1891
board.2-14-1701.0.rejections.pileup=0.0
board.2-14-1701.0.rejections.saturation=0.0
board.2-14-1701.0.rejections.energy=0.0
board.2-14-1701.0.rejections.psd=0.0
board.2-14-1701.0.rejections.timedistribution=0.0
board.2-14-1701.0.throughput=22.7399
board.2-14-1701.0.icr=25.7837
board.2-14-1701.0.ocr=8.59456
board.2-14-1701.0.calibration.energy.c0=0.0
board.2-14-1701.0.calibration.energy.c1=1.0
board.2-14-1701.0.calibration.energy.c2=0.0
board.2-14-1701.0.calibration.energy.uom=keV
board.2-14-1701.1.rejections.singles=0.0
board.2-14-1701.1.rejections.pileup=0.0
board.2-14-1701.1.rejections.saturation=0.0
board.2-14-1701.1.rejections.energy=0.0
board.2-14-1701.1.rejections.psd=0.0
board.2-14-1701.1.rejections.timedistribution=0.0
board.2-14-1701.1.throughput=9.648
board.2-14-1701.1.icr=8.59456
board.2-14-1701.1.ocr=8.59456
board.2-14-1701.1.calibration.energy.c0=0.0
board.2-14-1701.1.calibration.energy.c1=1.0
board.2-14-1701.1.calibration.energy.c2=0.0
board.2-14-1701.1.calibration.energy.uom=keV
