id=vuoto_3_peaks_71
time.start=2024/05/03 12:48:30.502+0200
time.stop=2024/05/03 15:24:31.645+0200
time.real=02:36:01
board.2-14-1701.readout.rate=382.090 b/s
board.2-14-1701.0.rejections.singles=9.59176
board.2-14-1701.0.rejections.pileup=0.0
board.2-14-1701.0.rejections.saturation=0.0
board.2-14-1701.0.rejections.energy=0.0
board.2-14-1701.0.rejections.psd=0.0
board.2-14-1701.0.rejections.timedistribution=0.0
board.2-14-1701.0.throughput=15.2835
board.2-14-1701.0.icr=17.2652
board.2-14-1701.0.ocr=7.67341
board.2-14-1701.0.calibration.energy.c0=0.0
board.2-14-1701.0.calibration.energy.c1=1.0
board.2-14-1701.0.calibration.energy.c2=0.0
board.2-14-1701.0.calibration.energy.uom=keV
board.2-14-1701.1.rejections.singles=0.0
board.2-14-1701.1.rejections.pileup=0.0
board.2-14-1701.1.rejections.saturation=0.0
board.2-14-1701.1.rejections.energy=0.0
board.2-14-1701.1.rejections.psd=0.0
board.2-14-1701.1.rejections.timedistribution=0.0
board.2-14-1701.1.throughput=5.20391
board.2-14-1701.1.icr=7.67341
board.2-14-1701.1.ocr=7.67341
board.2-14-1701.1.calibration.energy.c0=0.0
board.2-14-1701.1.calibration.energy.c1=1.0
board.2-14-1701.1.calibration.energy.c2=0.0
board.2-14-1701.1.calibration.energy.uom=keV
